0.0 ,
3.9062 ,
7.8125 ,
11.7187 ,
15.625 ,
19.5312 ,
23.4375 ,
27.3437 ,
31.25 ,
35.1562 ,
39.0625 ,
42.9687 ,
46.875 ,
50.7812 ,
54.6875 ,
58.5937 ,
62.5 ,
66.4062 ,
70.3125 ,
74.2188 ,
78.125 ,
82.0312 ,
85.9375 ,
89.8437 ,
93.75 ,
97.6562 ,
101.5625 ,
105.4687 ,
109.375 ,
113.2812 ,
117.1875 ,
121.0937 ,
125.0 ,
128.9062 ,
132.8125 ,
136.7188 ,
140.625 ,
144.5312 ,
148.4375 ,
152.3438 ,
156.25 ,
160.1562 ,
164.0625 ,
167.9687 ,
171.875 ,
175.7812 ,
179.6875 ,
183.5937 ,
187.5 ,
191.4062 ,
195.3125 ,
199.2187 ,
203.125 ,
207.0312 ,
210.9375 ,
214.8437 ,
218.75 ,
222.6562 ,
226.5625 ,
230.4687 ,
234.375 ,
238.2812 ,
242.1875 ,
246.0937 ,
250.0 ,
253.9062 ,
257.8125 ,
261.7188 ,
265.625 ,
269.5312 ,
273.4375 ,
277.3438 ,
281.25 ,
285.1562 ,
289.0625 ,
292.9688 ,
296.875 ,
300.7812 ,
304.6875 ,
308.5938 ,
312.5 ,
316.4062 ,
320.3125 ,
324.2187 ,
328.125 ,
332.0312 ,
335.9375 ,
339.8437 ,
343.75 ,
347.6562 ,
351.5625 ,
355.4687 ,
359.375 ,
363.2812 ,
367.1875 ,
371.0937 ,
375.0 ,
378.9062 ,
382.8125 ,
386.7187 ,
390.625 ,
394.5312 ,
398.4375 ,
402.3437 ,
406.25 ,
410.1562 ,
414.0625 ,
417.9687 ,
421.875 ,
425.7812 ,
429.6875 ,
433.5937 ,
437.5 ,
441.4062 ,
445.3125 ,
449.2187 ,
453.125 ,
457.0312 ,
460.9375 ,
464.8437 ,
468.75 ,
472.6562 ,
476.5625 ,
480.4687 ,
484.375 ,
488.2812 ,
492.1875 ,
496.0937 ,
-500.0 ,
-496.0937 ,
-492.1875 ,
-488.2812 ,
-484.375 ,
-480.4687 ,
-476.5625 ,
-472.6562 ,
-468.75 ,
-464.8437 ,
-460.9375 ,
-457.0312 ,
-453.125 ,
-449.2187 ,
-445.3125 ,
-441.4062 ,
-437.5 ,
-433.5937 ,
-429.6875 ,
-425.7812 ,
-421.875 ,
-417.9687 ,
-414.0625 ,
-410.1562 ,
-406.25 ,
-402.3437 ,
-398.4375 ,
-394.5312 ,
-390.625 ,
-386.7187 ,
-382.8125 ,
-378.9062 ,
-375.0 ,
-371.0937 ,
-367.1875 ,
-363.2812 ,
-359.375 ,
-355.4687 ,
-351.5625 ,
-347.6562 ,
-343.75 ,
-339.8437 ,
-335.9375 ,
-332.0312 ,
-328.125 ,
-324.2187 ,
-320.3125 ,
-316.4062 ,
-312.5 ,
-308.5938 ,
-304.6875 ,
-300.7812 ,
-296.875 ,
-292.9688 ,
-289.0625 ,
-285.1562 ,
-281.25 ,
-277.3438 ,
-273.4375 ,
-269.5312 ,
-265.625 ,
-261.7188 ,
-257.8125 ,
-253.9062 ,
-250.0 ,
-246.0937 ,
-242.1875 ,
-238.2812 ,
-234.375 ,
-230.4687 ,
-226.5625 ,
-222.6562 ,
-218.75 ,
-214.8437 ,
-210.9375 ,
-207.0312 ,
-203.125 ,
-199.2187 ,
-195.3125 ,
-191.4062 ,
-187.5 ,
-183.5937 ,
-179.6875 ,
-175.7812 ,
-171.875 ,
-167.9687 ,
-164.0625 ,
-160.1562 ,
-156.25 ,
-152.3438 ,
-148.4375 ,
-144.5312 ,
-140.625 ,
-136.7188 ,
-132.8125 ,
-128.9062 ,
-125.0 ,
-121.0937 ,
-117.1875 ,
-113.2812 ,
-109.375 ,
-105.4687 ,
-101.5625 ,
-97.6562 ,
-93.75 ,
-89.8437 ,
-85.9375 ,
-82.0312 ,
-78.125 ,
-74.2188 ,
-70.3125 ,
-66.4062 ,
-62.5 ,
-58.5937 ,
-54.6875 ,
-50.7812 ,
-46.875 ,
-42.9687 ,
-39.0625 ,
-35.1562 ,
-31.25 ,
-27.3437 ,
-23.4375 ,
-19.5312 ,
-15.625 ,
-11.7187 ,
-7.8125 ,
-3.9062 ,
